ManagedElement=1,TransportNetwork=1,Sctp=1,SctpAssociation=1 MGw01           MGw01                                                   1                         1                MGw01                                                   1    MGw01 CXP9018138/2_R214A04 eniq_oss_1 2023-11-05    2023       11      5      10 2023-11-05 10:00:00.0      0 15MIN           3555        0              15 LOADED               eniq_oss_1 +0200               (NULL) 2023-11-05 08:00:00.0                     5               10             92                     50              43         1                    66                 1         61                    9            29                       58            15          58                   60         75                73         35              38                 61          64          68                        5   38.00000000   68.00000000   31.00000000                82 
ManagedElement=1,TransportNetwork=1,Sctp=1,SctpAssociation=1 MRS01_statsfile SubNetwork=ONRM_RootMo,SubNetwork=MRS01,MeContext=MRS01 1                         1                SubNetwork=ONRM_RootMo,SubNetwork=MRS01,MeContext=MRS01 1                               eniq_oss_1 2023-11-05    2023       11      5      10 2023-11-05 10:00:00.0      0 15MIN           3556        0              15 LOADED               eniq_oss_1 +0200               (NULL) 2023-11-05 08:00:00.0                  1327             1336           1316                   1329            1331      1317                  1326              1315       1320                 1321          1332                     1325          1323        1334                 1337       1328              1333       1335            1319               1318        1322        1330                     1324        (NULL)        (NULL)        (NULL)            (NULL) 
