MagId.SlotId.Network=1.2.1     1 SGSN01    SGSN01    eniq_oss_1           2      SGSN01    1       2023-09-02    2023        9      2      10 2023-09-02 10:00:00.0      0 15MIN           3501      156              15 LOADED    12A        eniq_oss_1 +0200               (NULL) 2023-09-02 08:00:00.0         11195                11194     11193.00000000 
MagId.SlotId.Network=1.2.1     1 sgsnmme01 sgsnmme01 eniq_oss_1           2      sgsnmme01 1       2023-09-02    2023        9      2      10 2023-09-02 10:00:00.0      0 15MIN           3501      157              15 LOADED    12A        eniq_oss_1 +0200               (NULL) 2023-09-02 08:00:00.0           225                  224       223.00000000 
