ManagedElement=1,MsProcessing=1,EvsService=1 eniq_oss_1 SubNetwork=ONRM_RootMo,SubNetwork=MRS01,MeContext=MRS01 1            MRS01_statsfile                            SubNetwork=ONRM_RootMo,SubNetwork=MRS01,MeContext=MRS01 2023-11-05    2023       11      5      10 2023-11-05 10:00:00.0      0 15MIN           3556        0              15 LOADED               eniq_oss_1 +0200               (NULL) 2023-11-05 08:00:00.0              432    428.00000000             429             431             430 
ManagedElement=1,MsProcessing=1,EvsService=1 eniq_oss_1 MGw01                                                   1            MGw01           MGw01 CXP9018138/2_R214A04 MGw01                                                   2023-11-05    2023       11      5      10 2023-11-05 10:00:00.0      0 15MIN           3555        0              15 LOADED               eniq_oss_1 +0200               (NULL) 2023-11-05 08:00:00.0               43      4.00000000              16              19              38 
