ManagedElement=1,SignallingProxy=1,MscPoolProxy=1,RemoteMsc=1 SubNetwork=ONRM_RootMo,SubNetwork=MRS01,MeContext=MRS01                      SubNetwork=ONRM_RootMo,SubNetwork=MRS01,MeContext=MRS01 1                          1 MRS01_statsfile           eniq_oss_1 1               2023-11-05    2023       11      5      10 2023-11-05 10:00:00.0      0 15MIN           3556        0              15 LOADED               eniq_oss_1 +0200               (NULL) 2023-11-05 08:00:00.0           1747.00000000                       1751                        1748                1750                  1749                          1753                       1752                        1754 
ManagedElement=1,SignallingProxy=1,MscPoolProxy=1,RemoteMsc=1 MGw01                                                   CXP9018138/2_R214A04 MGw01                                                   1                          1 MGw01           5         eniq_oss_1 1         MGw01 2023-11-05    2023       11      5      10 2023-11-05 10:00:00.0      0 15MIN           3555        0              15 LOADED               eniq_oss_1 +0200               (NULL) 2023-11-05 08:00:00.0             86.00000000                         97                          27                  17                    55                            32                         81                          62 
